0.351016   1.113270   -0.025584
0.368512   1.111193   -0.025438
0.386004   1.109125   -0.025292
0.403490   1.107065   -0.025147
0.420971   1.105013   -0.025001
0.438447   1.102970   -0.024855
0.455918   1.100935   -0.024710
0.473384   1.098907   -0.024564
0.490844   1.096888   -0.024419
0.508300   1.094877   -0.024273
0.525750   1.092873   -0.024128
0.543194   1.090878   -0.023982
0.560633   1.088890   -0.023837
0.578067   1.086911   -0.023691
0.595495   1.084939   -0.023546
0.612917   1.082974   -0.023401
0.630333   1.081018   -0.023256
0.647744   1.079069   -0.023110
0.665148   1.077127   -0.022965
0.682545   1.075194   -0.022820
0.699936   1.073267   -0.022675
0.717319   1.071348   -0.022530
0.734696   1.069437   -0.022385
0.752064   1.067533   -0.022240
0.769424   1.065636   -0.022095
0.786774   1.063746   -0.021951
0.804116   1.061864   -0.021806
0.821447   1.059989   -0.021661
0.838769   1.058121   -0.021516
0.856079   1.056260   -0.021372
0.873375   1.054406   -0.021227
0.890658   1.052559   -0.021082
0.907927   1.050720   -0.020938
0.925182   1.048887   -0.020793
0.942421   1.047061   -0.020649
0.959645   1.045242   -0.020504
0.976847   1.043430   -0.020360
0.994028   1.041624   -0.020216
1.011188   1.039826   -0.020071
1.028325   1.038034   -0.019927
1.045437   1.036249   -0.019783
1.062525   1.034470   -0.019639
1.079587   1.032698   -0.019495
1.096627   1.030933   -0.019351
1.113628   1.029174   -0.019207
1.130592   1.027422   -0.019063
1.147522   1.025676   -0.018919
1.164413   1.023936   -0.018775
1.181265   1.022203   -0.018631
1.198077   1.020476   -0.018487
1.214845   1.018756   -0.018343
1.231569   1.017042   -0.018200
1.248256   1.015334   -0.018056
1.264908   1.013633   -0.017912
1.281482   1.011937   -0.017769
1.297999   1.010248   -0.017625
1.314458   1.008565   -0.017481
1.330858   1.006888   -0.017338
1.347196   1.005216   -0.017194
1.363471   1.003551   -0.017051
1.379682   1.001892   -0.016908
1.395828   1.000239   -0.016764
1.411929   0.998592   -0.016621
1.427989   0.996951   -0.016478
1.443915   0.995316   -0.016335
1.459762   0.993686   -0.016191
1.475530   0.992062   -0.016048
1.491217   0.990444   -0.015905
1.506823   0.988832   -0.015762
1.522350   0.987225   -0.015619
1.537792   0.985625   -0.015476
1.553155   0.984029   -0.015333
1.568460   0.982440   -0.015190
1.583739   0.980856   -0.015048
1.598864   0.979277   -0.014905
1.613855   0.977704   -0.014762
1.628752   0.976137   -0.014619
1.643555   0.974575   -0.014477
1.658264   0.973018   -0.014334
1.672880   0.971467   -0.014192
1.687403   0.969921   -0.014049
1.701836   0.968381   -0.013906
1.716183   0.966846   -0.013764
1.730512   0.965316   -0.013622
1.744824   0.963792   -0.013479
1.758869   0.962272   -0.013337
1.772811   0.960758   -0.013195
1.786656   0.959249   -0.013052
1.800406   0.957746   -0.012910
1.814062   0.956247   -0.012768
1.827625   0.954754   -0.012626
1.841097   0.953265   -0.012484
1.854481   0.951782   -0.012342
1.867780   0.950304   -0.012200
1.880997   0.948831   -0.012058
1.894243   0.947362   -0.011916
1.907489   0.945899   -0.011774
1.920411   0.944441   -0.011632
1.933240   0.942987   -0.011490
1.945981   0.941539   -0.011348
1.958636   0.940095   -0.011207
1.971207   0.938656   -0.011065
1.983695   0.937222   -0.010923
1.996101   0.935793   -0.010782
2.008428   0.934368   -0.010640
2.020677   0.932949   -0.010499
2.032849   0.931534   -0.010357
2.044947   0.930123   -0.010216
2.056942   0.928718   -0.010074
2.068885   0.927317   -0.009933
2.080755   0.925920   -0.009792
2.092555   0.924528   -0.009651
2.104283   0.923141   -0.009509
2.115943   0.921758   -0.009368
2.127534   0.920380   -0.009227
2.139057   0.919007   -0.009086
2.150513   0.917637   -0.008945
2.161903   0.916273   -0.008804
2.173228   0.914912   -0.008663
2.184488   0.913557   -0.008522
2.195685   0.912205   -0.008381
2.206820   0.910858   -0.008240
2.217894   0.909515   -0.008099
2.228907   0.908177   -0.007958
2.239860   0.906843   -0.007818
2.250755   0.905513   -0.007677
2.261592   0.904188   -0.007536
2.272372   0.902867   -0.007396
2.283095   0.901550   -0.007255
2.293762   0.900237   -0.007115
2.304374   0.898928   -0.006974
2.314931   0.897624   -0.006834
2.325433   0.896324   -0.006693
2.335881   0.895027   -0.006553
2.346275   0.893735   -0.006412
2.356565   0.892448   -0.006272
2.366846   0.891164   -0.006132
2.377071   0.889884   -0.005992
2.387242   0.888608   -0.005851
2.397356   0.887336   -0.005711
2.407414   0.886069   -0.005571
2.417414   0.884805   -0.005431
2.427358   0.883545   -0.005291
2.437242   0.882289   -0.005151
2.447065   0.881037   -0.005011
2.456826   0.879789   -0.004871
2.466523   0.878545   -0.004731
2.476155   0.877305   -0.004592
2.485719   0.876069   -0.004452
2.495212   0.874836   -0.004312
2.504634   0.873607   -0.004172
2.513980   0.872382   -0.004033
2.523247   0.871161   -0.003893
2.532434   0.869944   -0.003754
2.541536   0.868730   -0.003614
2.550549   0.867520   -0.003475
2.559472   0.866314   -0.003335
2.568298   0.865111   -0.003196
2.577026   0.863912   -0.003056
2.585649   0.862717   -0.002917
2.594165   0.861526   -0.002778
2.602571   0.860338   -0.002638
2.610863   0.859153   -0.002499
2.619036   0.857973   -0.002360
2.627088   0.856795   -0.002221
2.635015   0.855622   -0.002082
2.642815   0.854452   -0.001943
2.650484   0.853285   -0.001804
2.658020   0.852122   -0.001665
2.665421   0.850963   -0.001526
2.672685   0.849807   -0.001387
2.679812   0.848654   -0.001248
2.686873   0.847505   -0.001109
2.693714   0.846359   -0.000970
2.700415   0.845217   -0.000832
2.706979   0.844078   -0.000693
2.713404   0.842943   -0.000554
2.719693   0.841810   -0.000416
2.725847   0.840682   -0.000277
2.731867   0.839556   -0.000139
2.737755   0.838434   0.000000
2.750016   0.837315   0.000138
2.755575   0.836200   0.000277
2.761007   0.835088   0.000415
2.766318   0.833979   0.000554
2.771511   0.832873   0.000692
2.776587   0.831771   0.000830
2.781549   0.830672   0.000968
2.786400   0.829576   0.001107
2.791145   0.828483   0.001245
2.795785   0.827393   0.001383
2.800325   0.826307   0.001521
2.804767   0.825224   0.001659
2.809114   0.824144   0.001797
2.813368   0.823067   0.001935
2.817536   0.821993   0.002073
2.821617   0.820922   0.002211
2.825615   0.819854   0.002349
2.829533   0.818790   0.002486
2.833373   0.817728   0.002624
2.837139   0.816670   0.002762
2.840832   0.815614   0.002900
2.844455   0.814562   0.003037
2.848011   0.813512   0.003175
2.851502   0.812466   0.003312
2.854929   0.811422   0.003450
2.858295   0.810382   0.003587
2.861604   0.809344   0.003725
2.864855   0.808310   0.003862
2.868050   0.807278   0.004000
2.871193   0.806250   0.004137
2.874283   0.805224   0.004274
2.877325   0.804201   0.004411
2.880318   0.803181   0.004549
2.883264   0.802164   0.004686
2.886165   0.801149   0.004823
2.889022   0.800138   0.004960
2.891837   0.799129   0.005097
2.894610   0.798124   0.005234
2.897343   0.797121   0.005371
2.900038   0.796121   0.005508
2.902694   0.795123   0.005645
2.905315   0.794129   0.005782
2.907899   0.793137   0.005919
2.910449   0.792148   0.006055
2.912966   0.791161   0.006192
2.915449   0.790178   0.006329
2.917902   0.789197   0.006466
2.920323   0.788219   0.006602
2.922714   0.787243   0.006739
2.925075   0.786270   0.006875
2.927409   0.785300   0.007012
2.929715   0.784333   0.007148
2.931993   0.783368   0.007285
2.934245   0.782406   0.007421
2.936471   0.781446   0.007558
2.938671   0.780490   0.007694
2.940848   0.779535   0.007830
2.943001   0.778584   0.007966
2.945130   0.777635   0.008103
2.947236   0.776688   0.008239
2.949320   0.775744   0.008375
2.951381   0.774803   0.008511
2.953421   0.773864   0.008647
2.955441   0.772928   0.008783
2.957439   0.771994   0.008919
2.959418   0.771062   0.009055
2.961377   0.770134   0.009191
2.963316   0.769207   0.009327
2.965237   0.768284   0.009463
2.967139   0.767362   0.009598
2.968923   0.766444   0.009734
2.970783   0.765527   0.009870
2.972626   0.764613   0.010005
2.974450   0.763702   0.010141
2.976258   0.762793   0.010277
2.978049   0.761886   0.010412
2.979824   0.760982   0.010548
2.981582   0.760080   0.010683
2.983325   0.759180   0.010819
2.985052   0.758283   0.010954
2.986763   0.757389   0.011089
2.988460   0.756496   0.011225
2.990141   0.755606   0.011360
2.991808   0.754719   0.011495
2.993461   0.753833   0.011630
2.995099   0.752950   0.011766
2.996723   0.752070   0.011901
2.998334   0.751191   0.012036
2.999931   0.750315   0.012171
3.001514   0.749441   0.012306
3.003085   0.748570   0.012441
3.004641   0.747701   0.012576
3.006187   0.746834   0.012711
3.007719   0.745969   0.012846
3.009238   0.745106   0.012980
3.010746   0.744246   0.013115
3.012241   0.743388   0.013250
3.013724   0.742532   0.013385
3.015195   0.741679   0.013519
3.016654   0.740827   0.013654
3.018102   0.739978   0.013789
3.019539   0.739131   0.013923
3.020964   0.738286   0.014058
3.022378   0.737443   0.014192
3.023781   0.736603   0.014327
3.025174   0.735764   0.014461
3.026555   0.734928   0.014596
3.027926   0.734094   0.014730
3.029286   0.733262   0.014864
3.030636   0.732432   0.014998
3.031976   0.731604   0.015133
3.033305   0.730779   0.015267
3.034624   0.729955   0.015401
3.035934   0.729134   0.015535
3.037233   0.728314   0.015669
3.038523   0.727497   0.015803
3.039803   0.726682   0.015937
3.041073   0.725868   0.016071
3.042335   0.725057   0.016205
3.043585   0.724248   0.016339
3.044828   0.723441   0.016473
3.046059   0.722636   0.016607
3.047283   0.721833   0.016740
3.048496   0.721032   0.016874
3.049700   0.720233   0.017008
3.050896   0.719436   0.017141
3.052083   0.718640   0.017275
3.053261   0.717847   0.017409
3.054430   0.717056   0.017542
3.055591   0.716267   0.017676
3.056743   0.715480   0.017809
3.057887   0.714694   0.017943
3.059022   0.713911   0.018076
3.060149   0.713130   0.018209
3.061268   0.712350   0.018343
3.062378   0.711573   0.018476
3.063481   0.710797   0.018609
3.064575   0.710023   0.018743
3.065662   0.709251   0.018876
3.066739   0.708481   0.019009
3.067810   0.707713   0.019142
3.068873   0.706947   0.019275
3.069928   0.706183   0.019408
3.070975   0.705420   0.019541
3.072015   0.704660   0.019674
3.073047   0.703901   0.019807
3.074071   0.703144   0.019940
3.075088   0.702389   0.020073
3.076097   0.701636   0.020205
3.077100   0.700884   0.020338
3.078094   0.700135   0.020471
3.079082   0.699387   0.020604
3.080062   0.698641   0.020736
3.081035   0.697897   0.020869
3.082000   0.697154   0.021001
3.082959   0.696414   0.021134
3.083910   0.695675   0.021267
3.084855   0.694938   0.021399
3.085792   0.694203   0.021531
3.086723   0.693469   0.021664
3.087647   0.692737   0.021796
3.088563   0.692007   0.021929
3.089473   0.691279   0.022061
3.090377   0.690552   0.022193
3.091273   0.689827   0.022325
3.092163   0.689104   0.022457
3.093046   0.688383   0.022590
3.093922   0.687663   0.022722
3.094792   0.686945   0.022854
3.095656   0.686229   0.022986
3.096512   0.685514   0.023118
3.097363   0.684801   0.023250
3.098207   0.684090   0.023382
3.099044   0.683381   0.023514
3.099876   0.682673   0.023645
3.100700   0.681966   0.023777
3.101519   0.681262   0.023909
3.102331   0.680559   0.024041
3.103137   0.679858   0.024172
3.103937   0.679158   0.024304
3.104731   0.678460   0.024436
3.105518   0.677763   0.024567
3.106300   0.677069   0.024699
3.107075   0.676376   0.024830
3.107843   0.675684   0.024962
3.108607   0.674994   0.025093
3.109364   0.674306   0.025225
3.110116   0.673619   0.025356
3.110862   0.672934   0.025487
3.111601   0.672250   0.025619
3.112335   0.671568   0.025750
3.113063   0.670888   0.025881
3.113785   0.670209   0.026012
3.114501   0.669532   0.026144
3.115212   0.668856   0.026275
3.115917   0.668182   0.026406
3.116616   0.667509   0.026537
3.117309   0.666838   0.026668
3.117997   0.666168   0.026799
3.118679   0.665500   0.026930
3.119355   0.664834   0.027061
3.120027   0.664169   0.027191
3.120693   0.663505   0.027322
3.121353   0.662843   0.027453
3.122007   0.662183   0.027584
3.122656   0.661524   0.027715
3.123300   0.660866   0.027845
3.123938   0.660210   0.027976
3.124571   0.659555   0.028106
3.125199   0.658902   0.028237
3.125821   0.658251   0.028368
3.126438   0.657601   0.028498
3.127050   0.656952   0.028629
3.127656   0.656305   0.028759
3.128257   0.655659   0.028889
3.128854   0.655015   0.029020
3.129444   0.654372   0.029150
3.130030   0.653731   0.029280
3.130611   0.653091   0.029411
3.131186   0.652452   0.029541
3.131756   0.651815   0.029671
3.132322   0.651179   0.029801
3.132882   0.650545   0.029931
3.133437   0.649912   0.030061
3.133987   0.649280   0.030191
3.134533   0.648650   0.030321
3.135073   0.648022   0.030451
3.135608   0.647394   0.030581
3.136139   0.646768   0.030711
3.136664   0.646144   0.030841
3.137233   0.645521   0.030971
3.137748   0.644899   0.031100
3.138258   0.644279   0.031230
3.138763   0.643659   0.031360
3.139263   0.643042   0.031490
3.139758   0.642425   0.031619
3.140249   0.641810   0.031749
3.140735   0.641197   0.031878
3.141217   0.640584   0.032008
3.141694   0.639973   0.032137
3.142166   0.639364   0.032267
3.142633   0.638756   0.032396
3.143096   0.638149   0.032526
3.143555   0.637543   0.032655
3.144009   0.636939   0.032784
3.144458   0.636335   0.032914
3.144903   0.635734   0.033043
3.145343   0.635133   0.033172
3.145779   0.634534   0.033301
3.146211   0.633936   0.033430
3.146638   0.633340   0.033560
3.147060   0.632745   0.033689
3.147479   0.632151   0.033818
3.147892   0.631558   0.033947
3.148302   0.630966   0.034076
3.148707   0.630376   0.034204
3.149108   0.629787   0.034333
3.149504   0.629200   0.034462
3.149897   0.628613   0.034591
3.150285   0.628028   0.034720
3.150669   0.627444   0.034849
3.151048   0.626862   0.034977
3.151424   0.626280   0.035106
3.151795   0.625700   0.035235
3.152162   0.625121   0.035363
3.152525   0.624543   0.035492
3.152883   0.623967   0.035620
3.153238   0.623392   0.035749
3.153589   0.622818   0.035877
3.153935   0.622245   0.036006
3.154277   0.621673   0.036134
3.154616   0.621103   0.036262
3.154950   0.620534   0.036391
3.155281   0.619966   0.036519
3.155607   0.619399   0.036647
3.155929   0.618833   0.036776
3.156248   0.618269   0.036904
3.156562   0.617705   0.037032
3.156873   0.617143   0.037160
3.157180   0.616583   0.037288
3.157483   0.616023   0.037416
3.157782   0.615464   0.037544
3.158077   0.614907   0.037672
3.158368   0.614351   0.037800
3.158655   0.613796   0.037928
3.158939   0.613242   0.038056
3.159219   0.612689   0.038184
3.159495   0.612137   0.038311
3.159768   0.611587   0.038439
3.160036   0.611037   0.038567
3.160301   0.610489   0.038695
3.160563   0.609942   0.038822
3.160820   0.609396   0.038950
3.161074   0.608851   0.039077
3.161325   0.608308   0.039205
3.161571   0.607765   0.039333
3.161814   0.607224   0.039460
3.162054   0.606683   0.039587
3.162290   0.606144   0.039715
3.162522   0.605606   0.039842
3.162751   0.605069   0.039970
3.162976   0.604533   0.040097
3.163198   0.603998   0.040224
3.163417   0.603464   0.040351
3.163631   0.602932   0.040479
3.163843   0.602400   0.040606
3.164051   0.601870   0.040733
3.164255   0.601340   0.040860
3.164456   0.600812   0.040987
3.164654   0.600285   0.041114
3.164848   0.599758   0.041241
3.165039   0.599233   0.041368
3.165227   0.598709   0.041495
3.165411   0.598186   0.041622
3.165592   0.597664   0.041749
3.165770   0.597143   0.041876
3.165944   0.596623   0.042002
3.166116   0.596105   0.042129
3.166283   0.595587   0.042256
3.166448   0.595070   0.042383
3.166609   0.594554   0.042509
3.166768   0.594040   0.042636
3.166923   0.593526   0.042762
3.167075   0.593013   0.042889
3.167223   0.592502   0.043015
3.167369   0.591991   0.043142
3.167511   0.591482   0.043268
3.167651   0.590973   0.043395
3.167787   0.590466   0.043521
3.167920   0.589959   0.043648
3.168050   0.589454   0.043774
3.168177   0.588949   0.043900
3.168301   0.588446   0.044026
3.168422   0.587943   0.044153
3.168540   0.587442   0.044279
3.168655   0.586941   0.044405
3.168767   0.586442   0.044531
3.168905   0.585943   0.044657
3.169009   0.585445   0.044783
3.169111   0.584949   0.044909
3.169209   0.584453   0.045035
3.169305   0.583959   0.045161
3.169398   0.583465   0.045287
3.169488   0.582972   0.045413
3.169576   0.582480   0.045538
3.169660   0.581990   0.045664
3.169742   0.581500   0.045790
3.169821   0.581011   0.045916
3.169897   0.580523   0.046041
3.169970   0.580036   0.046167
3.170041   0.579550   0.046293
3.170109   0.579065   0.046418
3.170174   0.578581   0.046544
3.170237   0.578098   0.046669
3.170297   0.577616   0.046795
3.170354   0.577134   0.046920
3.170409   0.576654   0.047046
3.170461   0.576174   0.047171
3.170510   0.575696   0.047296
3.170557   0.575218   0.047422
3.170601   0.574742   0.047547
3.170643   0.574266   0.047672
3.170682   0.573791   0.047798
3.170718   0.573317   0.047923
3.170752   0.572844   0.048048
3.170784   0.572372   0.048173
3.170812   0.571901   0.048298
3.170839   0.571431   0.048423
3.170863   0.570961   0.048548
3.170884   0.570493   0.048673
3.170903   0.570025   0.048798
3.170919   0.569558   0.048923
3.170933   0.569093   0.049048
3.170945   0.568628   0.049173
3.170954   0.568164   0.049297
3.170961   0.567700   0.049422
3.170965   0.567238   0.049547
3.170967   0.566777   0.049672
3.170967   0.566316   0.049796
3.170964   0.565856   0.049921
3.170959   0.565398   0.050046
3.170951   0.564940   0.050170
3.170941   0.564483   0.050295
3.170929   0.564026   0.050419
3.170915   0.563571   0.050544
3.170898   0.563117   0.050668
3.170879   0.562663   0.050792
3.170858   0.562210   0.050917
3.170835   0.561758   0.051041
3.170809   0.561307   0.051165
3.170781   0.560857   0.051290
3.170751   0.560408   0.051414
3.170718   0.559959   0.051538
3.170684   0.559511   0.051662
3.170647   0.559064   0.051786
3.170608   0.558618   0.051911
3.170567   0.558173   0.052035
3.170524   0.557729   0.052159
3.170478   0.557285   0.052283
3.170431   0.556842   0.052407
3.170381   0.556401   0.052531
3.170329   0.555959   0.052654
3.170275   0.555519   0.052778
3.170219   0.555080   0.052902
3.170161   0.554641   0.053026
3.170101   0.554203   0.053150
3.170039   0.553766   0.053273
3.169975   0.553330   0.053397
3.169909   0.552895   0.053521
3.169841   0.552460   0.053644
3.169770   0.552026   0.053768
3.169698   0.551593   0.053892
3.169624   0.551161   0.054015
3.169548   0.550729   0.054139
3.169470   0.550299   0.054262
3.169390   0.549869   0.054386
3.169307   0.549440   0.054509
3.169222   0.549012   0.054632
3.169136   0.548584   0.054756
3.169060   0.548157   0.054879
