0.290390   1.151297   -0.049360
0.304819   1.151034   -0.049072
0.319240   1.150770   -0.048784
0.333651   1.150507   -0.048496
0.348053   1.150244   -0.048208
0.362446   1.149981   -0.047920
0.376830   1.149718   -0.047632
0.391203   1.149456   -0.047345
0.405567   1.149194   -0.047057
0.419921   1.148932   -0.046770
0.434264   1.148671   -0.046483
0.448597   1.148410   -0.046197
0.462919   1.148149   -0.045910
0.477230   1.147888   -0.045623
0.491530   1.147628   -0.045337
0.505817   1.147368   -0.045051
0.520094   1.147108   -0.044765
0.534358   1.146849   -0.044479
0.548608   1.146589   -0.044194
0.562846   1.146330   -0.043908
0.577072   1.146072   -0.043623
0.591284   1.145813   -0.043338
0.605481   1.145555   -0.043053
0.619664   1.145297   -0.042768
0.633835   1.145039   -0.042483
0.647989   1.144782   -0.042199
0.662127   1.144525   -0.041914
0.676249   1.144268   -0.041630
0.690357   1.144011   -0.041346
0.704453   1.143755   -0.041062
0.718528   1.143499   -0.040779
0.732585   1.143243   -0.040495
0.746625   1.142988   -0.040212
0.760648   1.142732   -0.039929
0.774656   1.142477   -0.039646
0.788651   1.142222   -0.039363
0.802620   1.141968   -0.039080
0.816570   1.141714   -0.038798
0.830501   1.141460   -0.038515
0.844413   1.141206   -0.038233
0.858307   1.140952   -0.037951
0.872184   1.140699   -0.037669
0.886047   1.140446   -0.037387
0.899884   1.140193   -0.037106
0.913696   1.139941   -0.036824
0.927486   1.139689   -0.036543
0.941256   1.139437   -0.036262
0.955005   1.139185   -0.035981
0.968732   1.138934   -0.035700
0.982438   1.138682   -0.035420
0.996122   1.138432   -0.035139
1.009791   1.138181   -0.034859
1.023445   1.137930   -0.034579
1.037063   1.137680   -0.034299
1.050654   1.137430   -0.034019
1.064221   1.137181   -0.033740
1.077764   1.136931   -0.033460
1.091283   1.136682   -0.033181
1.104777   1.136433   -0.032902
1.118247   1.136185   -0.032623
1.131691   1.135936   -0.032344
1.145110   1.135688   -0.032065
1.158503   1.135440   -0.031787
1.171870   1.135192   -0.031508
1.185211   1.134945   -0.031230
1.198525   1.134698   -0.030952
1.211812   1.134451   -0.030674
1.225088   1.134204   -0.030396
1.238346   1.133958   -0.030119
1.251552   1.133712   -0.029841
1.264723   1.133466   -0.029564
1.277865   1.133220   -0.029287
1.290977   1.132975   -0.029010
1.304059   1.132729   -0.028733
1.317109   1.132485   -0.028457
1.330127   1.132240   -0.028180
1.343113   1.131995   -0.027904
1.356066   1.131751   -0.027628
1.368986   1.131507   -0.027352
1.381871   1.131263   -0.027076
1.394722   1.131020   -0.026800
1.407538   1.130777   -0.026525
1.420317   1.130534   -0.026249
1.433060   1.130291   -0.025974
1.445765   1.130049   -0.025699
1.458432   1.129806   -0.025424
1.471060   1.129564   -0.025149
1.483647   1.129322   -0.024875
1.496194   1.129081   -0.024600
1.508700   1.128840   -0.024326
1.521163   1.128599   -0.024052
1.533583   1.128358   -0.023778
1.545958   1.128117   -0.023504
1.558288   1.127877   -0.023231
1.570574   1.127637   -0.022957
1.582811   1.127397   -0.022684
1.594998   1.127157   -0.022410
1.607137   1.126918   -0.022137
1.619225   1.126679   -0.021865
1.631261   1.126440   -0.021592
1.643244   1.126201   -0.021319
1.655173   1.125963   -0.021047
1.667046   1.125724   -0.020775
1.678864   1.125486   -0.020502
1.690623   1.125249   -0.020230
1.702324   1.125011   -0.019959
1.713964   1.124774   -0.019687
1.725543   1.124537   -0.019415
1.737059   1.124300   -0.019144
1.748510   1.124063   -0.018873
1.759897   1.123827   -0.018602
1.771216   1.123591   -0.018331
1.782467   1.123355   -0.018060
1.793648   1.123119   -0.017790
1.804758   1.122884   -0.017519
1.815793   1.122649   -0.017249
1.826755   1.122414   -0.016979
1.837642   1.122179   -0.016709
1.848452   1.121945   -0.016439
1.859185   1.121710   -0.016169
1.869839   1.121476   -0.015900
1.880413   1.121243   -0.015630
1.890905   1.121009   -0.015361
1.901315   1.120776   -0.015092
1.911641   1.120542   -0.014823
1.921882   1.120310   -0.014554
1.932015   1.120077   -0.014286
1.942075   1.119844   -0.014017
1.952045   1.119612   -0.013749
1.961924   1.119380   -0.013481
1.971710   1.119148   -0.013213
1.981402   1.118917   -0.012945
1.991000   1.118686   -0.012677
2.000501   1.118455   -0.012410
2.009905   1.118224   -0.012142
2.019211   1.117993   -0.011875
2.028417   1.117763   -0.011608
2.037523   1.117532   -0.011341
2.046528   1.117302   -0.011074
2.055430   1.117073   -0.010807
2.064229   1.116843   -0.010541
2.072924   1.116614   -0.010274
2.081513   1.116385   -0.010008
2.089997   1.116156   -0.009742
2.098373   1.115927   -0.009476
2.106642   1.115699   -0.009210
2.114803   1.115471   -0.008945
2.122854   1.115243   -0.008679
2.130795   1.115015   -0.008414
2.138626   1.114787   -0.008149
2.146345   1.114560   -0.007884
2.153919   1.114333   -0.007619
2.161411   1.114106   -0.007354
2.168790   1.113879   -0.007089
2.176054   1.113653   -0.006825
2.183204   1.113427   -0.006560
2.190238   1.113201   -0.006296
2.197157   1.112975   -0.006032
2.203960   1.112749   -0.005768
2.210646   1.112524   -0.005505
2.217215   1.112299   -0.005241
2.223665   1.112074   -0.004978
2.229998   1.111849   -0.004714
2.236211   1.111625   -0.004451
2.242305   1.111400   -0.004188
2.248280   1.111176   -0.003925
2.254134   1.110953   -0.003663
2.259867   1.110729   -0.003400
2.265478   1.110505   -0.003138
2.270968   1.110282   -0.002875
2.276336   1.110059   -0.002613
2.281581   1.109836   -0.002351
2.286703   1.109614   -0.002089
2.291700   1.109392   -0.001828
2.296574   1.109169   -0.001566
2.301323   1.108947   -0.001305
2.305947   1.108726   -0.001044
2.310445   1.108504   -0.000782
2.314818   1.108283   -0.000522
2.319063   1.108062   -0.000261
2.323182   1.107841   0.000000
2.327173   1.107620   0.000261
2.331037   1.107400   0.000521
2.334772   1.107180   0.000781
2.338379   1.106959   0.001041
2.341857   1.106740   0.001301
2.345205   1.106520   0.001561
2.348424   1.106301   0.001821
2.351513   1.106081   0.002080
2.354472   1.105862   0.002340
2.357301   1.105644   0.002599
2.359998   1.105425   0.002858
2.362565   1.105207   0.003117
2.365002   1.104988   0.003376
2.367307   1.104770   0.003635
2.369481   1.104553   0.003893
2.371525   1.104335   0.004151
2.373439   1.104118   0.004410
2.375222   1.103901   0.004668
2.376875   1.103684   0.004926
2.378398   1.103467   0.005184
2.379792   1.103250   0.005441
2.381057   1.103034   0.005699
2.382194   1.102818   0.005956
2.383204   1.102602   0.006214
2.384087   1.102386   0.006471
2.384845   1.102171   0.006728
2.385477   1.101955   0.006984
2.385986   1.101740   0.007241
2.386373   1.101525   0.007498
2.386639   1.101311   0.007754
2.386783   1.101096   0.008010
2.386810   1.100882   0.008267
2.386719   1.100668   0.008523
2.386513   1.100454   0.008778
2.386193   1.100240   0.009034
2.385762   1.100027   0.009290
2.385220   1.099813   0.009545
2.384571   1.099600   0.009800
2.383816   1.099387   0.010056
2.382957   1.099174   0.010311
2.381996   1.098962   0.010566
2.380936   1.098750   0.010820
2.379778   1.098538   0.011075
2.378526   1.098326   0.011329
2.377181   1.098114   0.011584
2.375746   1.097902   0.011838
2.374223   1.097691   0.012092
2.372614   1.097480   0.012346
2.370921   1.097269   0.012600
2.369149   1.097058   0.012853
2.367298   1.096848   0.013107
2.365370   1.096637   0.013360
2.363370   1.096427   0.013613
2.361297   1.096217   0.013866
2.359155   1.096007   0.014119
2.356947   1.095798   0.014372
2.354673   1.095588   0.014625
2.352338   1.095379   0.014877
2.349942   1.095170   0.015130
2.347487   1.094961   0.015382
2.344977   1.094753   0.015634
2.342412   1.094544   0.015886
2.339796   1.094336   0.016138
2.337129   1.094128   0.016390
2.334413   1.093920   0.016641
2.331651   1.093713   0.016893
2.328865   1.093505   0.017144
2.326013   1.093298   0.017395
2.323120   1.093091   0.017646
2.320187   1.092884   0.017897
2.317217   1.092677   0.018148
2.314209   1.092471   0.018399
2.311167   1.092264   0.018649
2.308090   1.092058   0.018899
2.304981   1.091852   0.019150
2.301841   1.091647   0.019400
2.298672   1.091441   0.019650
2.295473   1.091236   0.019899
2.292247   1.091030   0.020149
2.288994   1.090825   0.020399
2.285717   1.090621   0.020648
2.282414   1.090416   0.020897
2.279089   1.090212   0.021147
2.275741   1.090007   0.021396
2.272372   1.089803   0.021644
2.268982   1.089599   0.021893
2.265572   1.089396   0.022142
2.262143   1.089192   0.022390
2.258696   1.088989   0.022639
2.255232   1.088786   0.022887
2.251751   1.088583   0.023135
2.248255   1.088380   0.023383
2.244742   1.088177   0.023631
2.241215   1.087975   0.023878
2.237674   1.087773   0.024126
2.234120   1.087571   0.024373
2.230552   1.087369   0.024620
2.226972   1.087167   0.024868
2.223381   1.086966   0.025115
2.219777   1.086764   0.025361
2.216163   1.086563   0.025608
2.212538   1.086362   0.025855
2.208904   1.086162   0.026101
2.205259   1.085961   0.026348
2.201605   1.085761   0.026594
2.197943   1.085560   0.026840
2.194272   1.085360   0.027086
2.190593   1.085161   0.027332
2.186906   1.084961   0.027577
2.183211   1.084761   0.027823
2.179509   1.084562   0.028068
2.175808   1.084363   0.028314
2.172092   1.084164   0.028559
2.168370   1.083965   0.028804
2.164642   1.083767   0.029049
2.160908   1.083568   0.029293
2.157169   1.083370   0.029538
2.153424   1.083172   0.029783
2.149674   1.082974   0.030027
2.145920   1.082777   0.030271
2.142160   1.082579   0.030515
2.138397   1.082382   0.030759
2.134629   1.082185   0.031003
2.130857   1.081988   0.031247
2.127081   1.081791   0.031491
2.123302   1.081594   0.031734
2.119519   1.081398   0.031977
2.115732   1.081201   0.032221
2.111942   1.081005   0.032464
2.108150   1.080809   0.032707
2.104354   1.080614   0.032949
2.100555   1.080418   0.033192
2.096754   1.080223   0.033435
2.092950   1.080027   0.033677
2.089144   1.079832   0.033919
2.085335   1.079637   0.034161
2.081524   1.079443   0.034404
2.077711   1.079248   0.034645
2.073896   1.079054   0.034887
2.070079   1.078860   0.035129
2.066261   1.078666   0.035370
2.062440   1.078472   0.035612
2.058618   1.078278   0.035853
2.054794   1.078085   0.036094
2.050969   1.077891   0.036335
2.047143   1.077698   0.036576
2.043315   1.077505   0.036817
2.039486   1.077312   0.037058
2.035656   1.077120   0.037298
2.031825   1.076927   0.037538
2.027992   1.076735   0.037779
2.024159   1.076543   0.038019
2.020325   1.076351   0.038259
2.016491   1.076159   0.038499
2.012655   1.075968   0.038738
2.008819   1.075776   0.038978
2.004982   1.075585   0.039217
2.001145   1.075394   0.039457
1.997307   1.075203   0.039696
1.993469   1.075012   0.039935
1.989630   1.074821   0.040174
1.985791   1.074631   0.040413
1.981952   1.074441   0.040652
1.978113   1.074251   0.040890
1.974273   1.074061   0.041129
1.970433   1.073871   0.041367
1.966593   1.073681   0.041605
1.962753   1.073492   0.041844
1.958914   1.073303   0.042081
1.955074   1.073113   0.042319
1.951234   1.072925   0.042557
1.947394   1.072736   0.042795
1.943554   1.072547   0.043032
1.939715   1.072359   0.043269
1.935876   1.072171   0.043507
1.932037   1.071982   0.043744
1.928198   1.071794   0.043981
1.924360   1.071607   0.044218
1.920522   1.071419   0.044454
1.916684   1.071232   0.044691
1.912847   1.071044   0.044927
1.909010   1.070857   0.045164
1.905174   1.070670   0.045400
1.901339   1.070484   0.045636
1.897503   1.070297   0.045872
1.893669   1.070110   0.046108
1.889835   1.069924   0.046344
1.886002   1.069738   0.046579
1.882169   1.069552   0.046815
1.878337   1.069366   0.047050
1.874506   1.069181   0.047285
1.870675   1.068995   0.047521
1.866845   1.068810   0.047756
1.863016   1.068625   0.047990
1.859188   1.068440   0.048225
1.855360   1.068255   0.048460
1.851534   1.068070   0.048694
1.847708   1.067885   0.048929
1.843883   1.067701   0.049163
1.840059   1.067517   0.049397
1.836236   1.067333   0.049631
1.832414   1.067149   0.049865
1.828593   1.066965   0.050099
1.824773   1.066782   0.050332
1.820954   1.066598   0.050566
1.817136   1.066415   0.050799
1.813319   1.066232   0.051033
1.809504   1.066049   0.051266
1.805689   1.065866   0.051499
1.801875   1.065684   0.051732
1.798063   1.065501   0.051964
1.794251   1.065319   0.052197
1.790441   1.065137   0.052430
1.786632   1.064955   0.052662
1.782824   1.064773   0.052894
1.779017   1.064591   0.053127
1.775212   1.064410   0.053359
1.771408   1.064228   0.053591
1.767605   1.064047   0.053822
1.763803   1.063866   0.054054
1.760003   1.063685   0.054286
1.756204   1.063505   0.054517
1.752406   1.063324   0.054749
1.748609   1.063143   0.054980
1.744814   1.062963   0.055211
1.741020   1.062783   0.055442
1.737228   1.062603   0.055673
1.733437   1.062423   0.055903
1.729647   1.062244   0.056134
1.725859   1.062064   0.056365
1.722072   1.061885   0.056595
1.718287   1.061706   0.056825
1.714503   1.061527   0.057055
1.710720   1.061348   0.057285
1.706939   1.061169   0.057515
1.703160   1.060990   0.057745
1.699382   1.060812   0.057975
1.695605   1.060634   0.058204
1.691830   1.060456   0.058434
1.688057   1.060278   0.058663
1.684285   1.060100   0.058892
1.680514   1.059922   0.059121
1.676745   1.059745   0.059350
1.672978   1.059567   0.059579
1.669212   1.059390   0.059808
1.665448   1.059213   0.060036
1.661685   1.059036   0.060265
1.657924   1.058859   0.060493
1.654165   1.058683   0.060722
1.650407   1.058506   0.060950
1.646651   1.058330   0.061178
1.642896   1.058154   0.061406
1.639144   1.057978   0.061633
1.635392   1.057802   0.061861
1.631643   1.057626   0.062089
1.627895   1.057451   0.062316
1.624148   1.057275   0.062543
1.620404   1.057100   0.062770
1.616661   1.056925   0.062998
1.612920   1.056750   0.063224
1.609180   1.056575   0.063451
1.605442   1.056400   0.063678
1.601706   1.056226   0.063905
1.597972   1.056051   0.064131
1.594239   1.055877   0.064358
1.590508   1.055703   0.064584
1.586779   1.055529   0.064810
1.583052   1.055355   0.065036
1.579326   1.055182   0.065262
1.575602   1.055008   0.065488
1.571880   1.054835   0.065713
1.568160   1.054662   0.065939
1.564441   1.054489   0.066164
1.560724   1.054316   0.066390
1.557009   1.054143   0.066615
1.553296   1.053970   0.066840
1.549585   1.053798   0.067065
1.545875   1.053625   0.067290
1.542167   1.053453   0.067515
1.538461   1.053281   0.067739
1.534757   1.053109   0.067964
1.531055   1.052937   0.068188
1.527354   1.052766   0.068412
1.523655   1.052594   0.068637
1.519958   1.052423   0.068861
1.516263   1.052252   0.069085
1.512570   1.052081   0.069308
1.508879   1.051910   0.069532
1.505189   1.051739   0.069756
1.501502   1.051569   0.069979
1.497816   1.051398   0.070203
1.494132   1.051228   0.070426
1.490450   1.051058   0.070649
1.486770   1.050888   0.070872
1.483091   1.050718   0.071095
1.479415   1.050548   0.071318
1.475740   1.050378   0.071541
1.472068   1.050209   0.071763
1.468397   1.050039   0.071986
1.464728   1.049870   0.072208
1.461061   1.049701   0.072430
1.457396   1.049532   0.072652
1.453733   1.049363   0.072874
1.450072   1.049195   0.073096
1.446412   1.049026   0.073318
1.442755   1.048858   0.073540
1.439099   1.048690   0.073761
1.435445   1.048522   0.073983
1.431794   1.048354   0.074204
1.428144   1.048186   0.074425
1.424496   1.048018   0.074646
1.420850   1.047851   0.074867
1.417206   1.047683   0.075088
1.413564   1.047516   0.075309
1.409924   1.047349   0.075530
1.406286   1.047182   0.075750
1.402649   1.047015   0.075971
1.399015   1.046848   0.076191
1.395383   1.046682   0.076411
1.391752   1.046516   0.076631
1.388124   1.046349   0.076851
1.384497   1.046183   0.077071
1.380873   1.046017   0.077291
1.377250   1.045851   0.077511
1.373629   1.045685   0.077730
1.370011   1.045520   0.077950
1.366394   1.045354   0.078169
1.362780   1.045189   0.078388
1.359167   1.045024   0.078607
1.355556   1.044859   0.078826
1.351947   1.044694   0.079045
1.348341   1.044529   0.079264
1.344736   1.044364   0.079483
1.341133   1.044200   0.079701
1.337532   1.044036   0.079920
1.333934   1.043871   0.080138
1.330337   1.043707   0.080356
1.326743   1.043543   0.080574
1.323150   1.043379   0.080792
1.319559   1.043216   0.081010
1.315971   1.043052   0.081228
1.312384   1.042889   0.081446
1.308800   1.042725   0.081663
1.305218   1.042562   0.081881
1.301637   1.042399   0.082098
1.298059   1.042236   0.082315
1.294483   1.042074   0.082532
1.290909   1.041911   0.082749
1.287337   1.041748   0.082966
1.283768   1.041586   0.083183
1.280200   1.041424   0.083400
1.276635   1.041262   0.083616
1.273071   1.041100   0.083833
1.269510   1.040938   0.084049
1.265951   1.040776   0.084265
1.262395   1.040615   0.084482
1.258839   1.040453   0.084698
1.255287   1.040292   0.084914
1.251737   1.040131   0.085129
1.248189   1.039969   0.085345
1.244644   1.039809   0.085561
1.241101   1.039648   0.085776
1.237560   1.039487   0.085992
1.234022   1.039327   0.086207
1.230486   1.039166   0.086422
1.226952   1.039006   0.086637
1.223421   1.038846   0.086852
1.219892   1.038686   0.087067
1.216366   1.038526   0.087282
1.212842   1.038366   0.087496
1.209321   1.038206   0.087711
1.205803   1.038047   0.087925
1.202287   1.037888   0.088139
1.198774   1.037728   0.088354
1.195264   1.037569   0.088568
1.191756   1.037410   0.088782
1.188252   1.037251   0.088996
1.184750   1.037093   0.089209
1.181251   1.036934   0.089423
1.177755   1.036775   0.089637
1.174262   1.036617   0.089850
1.170773   1.036459   0.090063
1.167287   1.036301   0.090277
1.163804   1.036143   0.090490
1.160324   1.035985   0.090703
1.156848   1.035827   0.090916
1.153376   1.035670   0.091129
1.149907   1.035512   0.091341
1.146442   1.035355   0.091554
1.142981   1.035198   0.091766
1.139523   1.035041   0.091979
1.136070   1.034884   0.092191
1.132622   1.034727   0.092403
1.129177   1.034570   0.092615
1.125738   1.034414   0.092827
1.122303   1.034257   0.093039
1.118873   1.034101   0.093251
1.115447   1.033945   0.093463
1.112028   1.033788   0.093674
1.108613   1.033633   0.093886
1.105205   1.033477   0.094097
1.101802   1.033321   0.094308
1.098405   1.033165   0.094519
1.095015   1.033010   0.094730
1.091631   1.032855   0.094941
1.088254   1.032699   0.095152
1.084885   1.032544   0.095363
1.081523   1.032389   0.095573
1.078168   1.032234   0.095784
1.074822   1.032080   0.095994
1.071484   1.031925   0.096205
1.068156   1.031771   0.096415
1.064836   1.031616   0.096625
1.061526   1.031462   0.096835
1.058227   1.031308   0.097045
1.054938   1.031154   0.097254
1.051660   1.031000   0.097464
1.048393   1.030846   0.097674
1.045139   1.030693   0.097883
1.041905   1.030539   0.098093
