0.363222   1.155693   -0.062944
0.381232   1.155647   -0.062570
0.399226   1.155600   -0.062197
0.417203   1.155554   -0.061825
0.435164   1.155507   -0.061452
0.453107   1.155461   -0.061080
0.471033   1.155415   -0.060708
0.488938   1.155368   -0.060337
0.506825   1.155322   -0.059966
0.524692   1.155276   -0.059595
0.542537   1.155230   -0.059224
0.560362   1.155183   -0.058853
0.578164   1.155137   -0.058483
0.595941   1.155091   -0.058113
0.613699   1.155045   -0.057744
0.631428   1.154999   -0.057374
0.649131   1.154953   -0.057005
0.666812   1.154907   -0.056637
0.684465   1.154861   -0.056268
0.702087   1.154815   -0.055900
0.719681   1.154770   -0.055532
0.737252   1.154724   -0.055164
0.754791   1.154678   -0.054797
0.772293   1.154632   -0.054430
0.789765   1.154587   -0.054063
0.807207   1.154541   -0.053696
0.824625   1.154495   -0.053330
0.842003   1.154450   -0.052964
0.859342   1.154404   -0.052598
0.876646   1.154359   -0.052233
0.893915   1.154313   -0.051868
0.911152   1.154268   -0.051503
0.928363   1.154223   -0.051138
0.945531   1.154177   -0.050774
0.962651   1.154132   -0.050409
0.979733   1.154087   -0.050046
0.996774   1.154041   -0.049682
1.013777   1.153996   -0.049319
1.030742   1.153951   -0.048956
1.047670   1.153906   -0.048593
1.064573   1.153861   -0.048230
1.081418   1.153816   -0.047868
1.098209   1.153771   -0.047506
1.114955   1.153726   -0.047144
1.131656   1.153681   -0.046783
1.148310   1.153636   -0.046422
1.164918   1.153591   -0.046061
1.181479   1.153546   -0.045700
1.197993   1.153501   -0.045340
1.214473   1.153457   -0.044980
1.230919   1.153412   -0.044620
1.247275   1.153367   -0.044260
1.263575   1.153323   -0.043901
1.279818   1.153278   -0.043542
1.296003   1.153233   -0.043183
1.312129   1.153189   -0.042825
1.328195   1.153144   -0.042466
1.344198   1.153100   -0.042108
1.360137   1.153056   -0.041751
1.376012   1.153011   -0.041393
1.391820   1.152967   -0.041036
1.407586   1.152922   -0.040679
1.423307   1.152878   -0.040323
1.438903   1.152834   -0.039966
1.454407   1.152790   -0.039610
1.469830   1.152746   -0.039254
1.485169   1.152701   -0.038898
1.500421   1.152657   -0.038543
1.515584   1.152613   -0.038188
1.530655   1.152569   -0.037833
1.545630   1.152525   -0.037479
1.560509   1.152481   -0.037124
1.575288   1.152437   -0.036770
1.589965   1.152393   -0.036416
1.604539   1.152350   -0.036063
1.619060   1.152306   -0.035710
1.633517   1.152262   -0.035357
1.647752   1.152218   -0.035004
1.661854   1.152175   -0.034651
1.675834   1.152131   -0.034299
1.689687   1.152087   -0.033947
1.703414   1.152044   -0.033595
1.717006   1.152000   -0.033244
1.730464   1.151956   -0.032893
1.743788   1.151913   -0.032542
1.756975   1.151870   -0.032191
1.770026   1.151826   -0.031840
1.782928   1.151783   -0.031490
1.795699   1.151739   -0.031140
1.808423   1.151696   -0.030791
1.821073   1.151653   -0.030441
1.833399   1.151609   -0.030092
1.845556   1.151566   -0.029743
1.857562   1.151523   -0.029394
1.869415   1.151480   -0.029046
1.881115   1.151437   -0.028698
1.892662   1.151394   -0.028350
1.904056   1.151351   -0.028002
1.915298   1.151308   -0.027655
1.926387   1.151265   -0.027308
1.937325   1.151222   -0.026961
1.948112   1.151179   -0.026614
1.958750   1.151136   -0.026268
1.969240   1.151093   -0.025921
1.979582   1.151050   -0.025576
1.989777   1.151007   -0.025230
1.999797   1.150965   -0.024884
2.009697   1.150922   -0.024539
2.019454   1.150879   -0.024194
2.029068   1.150837   -0.023850
2.038541   1.150794   -0.023505
2.047874   1.150752   -0.023161
2.057068   1.150709   -0.022817
2.066127   1.150666   -0.022474
2.075050   1.150624   -0.022130
2.083841   1.150582   -0.021787
2.092501   1.150539   -0.021444
2.101032   1.150497   -0.021101
2.109436   1.150454   -0.020759
2.117715   1.150412   -0.020417
2.125872   1.150370   -0.020075
2.133907   1.150328   -0.019733
2.141824   1.150285   -0.019392
2.149624   1.150243   -0.019051
2.157311   1.150201   -0.018710
2.164884   1.150159   -0.018369
2.172387   1.150117   -0.018029
2.179733   1.150075   -0.017688
2.186974   1.150033   -0.017348
2.194112   1.149991   -0.017009
2.201149   1.149949   -0.016669
2.208086   1.149907   -0.016330
2.214926   1.149865   -0.015991
2.221671   1.149823   -0.015652
2.228322   1.149782   -0.015314
2.234880   1.149740   -0.014975
2.241349   1.149698   -0.014637
2.247728   1.149656   -0.014300
2.254020   1.149615   -0.013962
2.260226   1.149573   -0.013625
2.266348   1.149531   -0.013288
2.272388   1.149490   -0.012951
2.278346   1.149448   -0.012614
2.284224   1.149407   -0.012278
2.290024   1.149365   -0.011942
2.295748   1.149324   -0.011606
2.301395   1.149283   -0.011270
2.306922   1.149241   -0.010935
2.312417   1.149200   -0.010600
2.317841   1.149159   -0.010265
2.323195   1.149117   -0.009930
2.328480   1.149076   -0.009596
2.333697   1.149035   -0.009262
2.338848   1.148994   -0.008928
2.343934   1.148952   -0.008594
2.348955   1.148911   -0.008260
2.353913   1.148870   -0.007927
2.358809   1.148829   -0.007594
2.363644   1.148788   -0.007261
2.368419   1.148747   -0.006929
2.373135   1.148706   -0.006597
2.377793   1.148665   -0.006265
2.382395   1.148624   -0.005933
2.386940   1.148584   -0.005601
2.391431   1.148543   -0.005270
2.395867   1.148502   -0.004939
2.400249   1.148461   -0.004608
2.404579   1.148420   -0.004277
2.408858   1.148380   -0.003947
2.413085   1.148339   -0.003617
2.417263   1.148298   -0.003287
2.421391   1.148258   -0.002957
2.425470   1.148217   -0.002627
2.429502   1.148177   -0.002298
2.433486   1.148136   -0.001969
2.437424   1.148096   -0.001640
2.441316   1.148055   -0.001312
2.445162   1.148015   -0.000984
2.448965   1.147974   -0.000655
2.452723   1.147934   -0.000328
2.456438   1.147894   0.000000
2.460398   1.147853   0.000327
2.463818   1.147813   0.000655
2.467366   1.147773   0.000981
2.470898   1.147733   0.001308
2.474397   1.147693   0.001635
2.477859   1.147652   0.001961
2.481283   1.147612   0.002287
2.484669   1.147572   0.002613
2.488017   1.147532   0.002938
2.491327   1.147492   0.003264
2.494600   1.147452   0.003589
2.497836   1.147412   0.003914
2.501035   1.147372   0.004238
2.504198   1.147332   0.004563
2.507324   1.147293   0.004887
2.510416   1.147253   0.005211
2.513472   1.147213   0.005535
2.516493   1.147173   0.005858
2.519480   1.147133   0.006181
2.522433   1.147094   0.006504
2.525353   1.147054   0.006827
2.528239   1.147014   0.007150
2.531092   1.146975   0.007472
2.533912   1.146935   0.007794
2.536700   1.146896   0.008116
2.539456   1.146856   0.008438
2.542179   1.146817   0.008759
2.544872   1.146777   0.009081
2.547533   1.146738   0.009402
2.550163   1.146698   0.009723
2.552763   1.146659   0.010043
2.555332   1.146620   0.010363
2.557871   1.146580   0.010684
2.560380   1.146541   0.011003
2.562860   1.146502   0.011323
2.565310   1.146463   0.011643
2.567731   1.146423   0.011962
2.570123   1.146384   0.012281
2.572486   1.146345   0.012600
2.574821   1.146306   0.012918
2.577128   1.146267   0.013237
2.579407   1.146228   0.013555
2.581657   1.146189   0.013873
2.583880   1.146150   0.014190
2.586076   1.146111   0.014508
2.588244   1.146072   0.014825
2.590386   1.146033   0.015142
2.592500   1.145994   0.015459
2.594588   1.145955   0.015776
2.596649   1.145917   0.016092
2.598684   1.145878   0.016408
2.600658   1.145839   0.016724
2.602638   1.145800   0.017040
2.604593   1.145762   0.017355
2.606522   1.145723   0.017671
2.608425   1.145684   0.017986
2.610302   1.145646   0.018300
2.612154   1.145607   0.018615
2.613981   1.145569   0.018930
2.615783   1.145530   0.019244
2.617559   1.145492   0.019558
2.619311   1.145453   0.019871
2.621039   1.145415   0.020185
2.622741   1.145376   0.020498
2.624419   1.145338   0.020811
2.626073   1.145300   0.021124
2.627703   1.145261   0.021437
2.629308   1.145223   0.021750
2.630890   1.145185   0.022062
2.632447   1.145147   0.022374
2.633981   1.145108   0.022686
2.635492   1.145070   0.022997
2.636978   1.145032   0.023309
2.638442   1.144994   0.023620
2.639882   1.144956   0.023931
2.641298   1.144918   0.024242
2.642692   1.144880   0.024552
2.644063   1.144842   0.024862
2.645411   1.144804   0.025173
2.646736   1.144766   0.025482
2.648038   1.144728   0.025792
2.649317   1.144690   0.026102
2.650575   1.144652   0.026411
2.651809   1.144614   0.026720
2.653022   1.144577   0.027029
2.654212   1.144539   0.027337
2.655380   1.144501   0.027646
2.656526   1.144463   0.027954
2.657650   1.144426   0.028262
2.658752   1.144388   0.028570
2.659833   1.144350   0.028877
2.660892   1.144313   0.029185
2.661929   1.144275   0.029492
2.662945   1.144238   0.029799
2.663940   1.144200   0.030106
2.664913   1.144163   0.030412
2.665865   1.144125   0.030719
2.666796   1.144088   0.031025
2.667706   1.144050   0.031331
2.668595   1.144013   0.031636
2.669463   1.143976   0.031942
2.670310   1.143938   0.032247
2.671137   1.143901   0.032552
2.671944   1.143864   0.032857
2.672730   1.143827   0.033162
2.673495   1.143789   0.033466
2.674241   1.143752   0.033770
2.674966   1.143715   0.034074
2.675671   1.143678   0.034378
2.676357   1.143641   0.034682
2.677022   1.143604   0.034985
2.677667   1.143567   0.035288
2.678294   1.143530   0.035591
2.678900   1.143493   0.035894
2.679488   1.143456   0.036197
2.680055   1.143419   0.036499
2.680604   1.143382   0.036801
2.681134   1.143345   0.037103
2.681644   1.143308   0.037405
2.682136   1.143271   0.037707
2.682609   1.143235   0.038008
2.683062   1.143198   0.038309
2.683498   1.143161   0.038610
2.683916   1.143124   0.038911
2.684315   1.143088   0.039212
2.684695   1.143051   0.039512
2.685058   1.143014   0.039812
2.685402   1.142978   0.040112
2.685729   1.142941   0.040412
2.686038   1.142905   0.040711
2.686329   1.142868   0.041011
2.686603   1.142832   0.041310
2.686859   1.142795   0.041609
2.687098   1.142759   0.041908
2.687319   1.142722   0.042206
2.687525   1.142686   0.042504
2.687713   1.142650   0.042803
2.687884   1.142613   0.043101
2.688039   1.142577   0.043398
2.688177   1.142541   0.043696
2.688298   1.142504   0.043993
2.688404   1.142468   0.044290
2.688493   1.142432   0.044587
2.688566   1.142396   0.044884
2.688623   1.142360   0.045181
2.688665   1.142324   0.045477
2.688691   1.142287   0.045773
2.688702   1.142251   0.046069
2.688697   1.142215   0.046365
2.688677   1.142179   0.046660
2.688642   1.142143   0.046956
2.688592   1.142107   0.047251
2.688527   1.142071   0.047546
2.688448   1.142036   0.047841
2.688354   1.142000   0.048135
2.688245   1.141964   0.048429
2.688123   1.141928   0.048724
2.687986   1.141892   0.049018
2.687836   1.141856   0.049311
2.687671   1.141821   0.049605
2.687493   1.141785   0.049898
2.687301   1.141749   0.050192
2.687096   1.141713   0.050485
2.686878   1.141678   0.050777
2.686647   1.141642   0.051070
2.686402   1.141607   0.051362
2.686145   1.141571   0.051655
2.685875   1.141535   0.051947
2.685592   1.141500   0.052238
2.685298   1.141464   0.052530
2.684990   1.141429   0.052822
2.684671   1.141394   0.053113
2.684340   1.141358   0.053404
2.683997   1.141323   0.053695
2.683642   1.141287   0.053985
2.683275   1.141252   0.054276
2.682898   1.141217   0.054566
2.682509   1.141181   0.054856
2.682108   1.141146   0.055146
2.681697   1.141111   0.055436
2.681275   1.141076   0.055725
2.680842   1.141041   0.056015
2.680398   1.141005   0.056304
2.679944   1.140970   0.056593
2.679480   1.140935   0.056881
2.679006   1.140900   0.057170
2.678521   1.140865   0.057458
2.678027   1.140830   0.057747
2.677522   1.140795   0.058035
2.677009   1.140760   0.058322
2.676485   1.140725   0.058610
2.675952   1.140690   0.058897
2.675410   1.140655   0.059185
2.674859   1.140620   0.059472
2.674299   1.140585   0.059759
2.673730   1.140551   0.060045
2.673152   1.140516   0.060332
2.672565   1.140481   0.060618
2.671970   1.140446   0.060904
2.671367   1.140411   0.061190
2.670755   1.140377   0.061476
2.670135   1.140342   0.061761
2.669508   1.140307   0.062046
2.668872   1.140273   0.062332
2.668228   1.140238   0.062617
2.667577   1.140204   0.062901
2.666919   1.140169   0.063186
2.666253   1.140135   0.063470
2.665579   1.140100   0.063755
2.664899   1.140066   0.064039
2.664211   1.140031   0.064322
2.663517   1.139997   0.064606
2.662848   1.139962   0.064890
2.662139   1.139928   0.065173
2.661423   1.139893   0.065456
2.660701   1.139859   0.065739
2.659972   1.139825   0.066022
2.659237   1.139791   0.066304
2.658496   1.139756   0.066587
2.657749   1.139722   0.066869
2.656996   1.139688   0.067151
2.656237   1.139654   0.067433
2.655472   1.139619   0.067714
2.654701   1.139585   0.067996
2.653925   1.139551   0.068277
2.653143   1.139517   0.068558
2.652356   1.139483   0.068839
2.651564   1.139449   0.069119
2.650766   1.139415   0.069400
2.649963   1.139381   0.069680
2.649155   1.139347   0.069961
2.648342   1.139313   0.070240
2.647525   1.139279   0.070520
2.646702   1.139245   0.070800
2.645875   1.139211   0.071079
2.645043   1.139178   0.071359
2.644207   1.139144   0.071638
2.643367   1.139110   0.071916
2.642521   1.139076   0.072195
2.641672   1.139042   0.072474
2.640818   1.139009   0.072752
2.639961   1.138975   0.073030
2.639099   1.138941   0.073308
2.638233   1.138908   0.073586
2.637363   1.138874   0.073864
2.636490   1.138840   0.074141
2.635613   1.138807   0.074418
2.634732   1.138773   0.074695
2.633847   1.138740   0.074972
2.632961   1.138706   0.075249
