1.413861   1.158056   0.000000
1.439613   1.158084   0.000588
1.465198   1.158111   0.001175
1.490607   1.158139   0.001761
1.515833   1.158166   0.002346
1.540867   1.158194   0.002931
1.565700   1.158221   0.003515
1.590322   1.158249   0.004099
1.614722   1.158276   0.004681
1.638890   1.158303   0.005263
1.662815   1.158331   0.005845
1.686485   1.158358   0.006425
1.709889   1.158385   0.007005
1.733016   1.158413   0.007584
1.755852   1.158440   0.008163
1.778385   1.158467   0.008741
1.800603   1.158494   0.009318
1.822496   1.158521   0.009894
1.844051   1.158548   0.010470
1.865258   1.158575   0.011045
1.886106   1.158602   0.011619
1.906576   1.158629   0.012193
1.926670   1.158656   0.012766
1.946375   1.158683   0.013338
1.965682   1.158710   0.013910
1.984583   1.158737   0.014480
2.003072   1.158764   0.015051
2.021141   1.158791   0.015620
2.038786   1.158817   0.016189
2.056002   1.158844   0.016757
2.072786   1.158871   0.017325
2.089133   1.158897   0.017892
2.105042   1.158924   0.018458
2.120499   1.158951   0.019023
2.135524   1.158977   0.019588
2.150106   1.159004   0.020152
2.164244   1.159030   0.020716
2.177940   1.159057   0.021279
2.191192   1.159083   0.021841
2.204001   1.159110   0.022402
2.216367   1.159136   0.022963
2.228292   1.159163   0.023523
2.239776   1.159189   0.024083
2.250819   1.159215   0.024641
2.261422   1.159241   0.025200
2.271586   1.159268   0.025757
2.281310   1.159294   0.026314
2.290596   1.159320   0.026870
2.299443   1.159346   0.027426
2.307852   1.159372   0.027981
2.315821   1.159399   0.028535
2.323352   1.159425   0.029088
2.330444   1.159451   0.029641
2.337097   1.159477   0.030194
2.343310   1.159503   0.030745
2.349083   1.159529   0.031296
2.354416   1.159555   0.031847
2.359309   1.159580   0.032396
2.363762   1.159606   0.032945
2.367775   1.159632   0.033494
2.371350   1.159658   0.034041
2.374489   1.159684   0.034589
2.377192   1.159710   0.035135
2.379462   1.159735   0.035681
2.381303   1.159761   0.036226
2.382719   1.159787   0.036771
2.383714   1.159812   0.037315
2.384295   1.159838   0.037858
2.384468   1.159863   0.038401
2.384241   1.159889   0.038943
2.383622   1.159914   0.039484
2.382621   1.159940   0.040025
2.381247   1.159965   0.040565
2.379514   1.159991   0.041104
2.377431   1.160016   0.041643
2.375013   1.160042   0.042182
2.372271   1.160067   0.042719
2.369220   1.160092   0.043256
2.365873   1.160118   0.043793
2.362245   1.160143   0.044328
2.358350   1.160168   0.044864
2.354202   1.160193   0.045398
2.349815   1.160219   0.045932
2.345203   1.160244   0.046465
2.340380   1.160269   0.046998
2.335357   1.160294   0.047530
2.330149   1.160319   0.048062
2.324768   1.160344   0.048592
2.319224   1.160369   0.049123
2.313529   1.160394   0.049652
2.307700   1.160419   0.050181
2.301733   1.160444   0.050710
2.295645   1.160469   0.051238
2.289445   1.160494   0.051765
2.283142   1.160519   0.052291
2.276742   1.160543   0.052817
2.270253   1.160568   0.053343
2.263682   1.160593   0.053868
2.257035   1.160618   0.054392
2.250318   1.160642   0.054915
2.243537   1.160667   0.055438
2.236696   1.160692   0.055961
2.229799   1.160716   0.056483
2.222853   1.160741   0.057004
2.215859   1.160766   0.057524
2.208823   1.160790   0.058044
2.201747   1.160815   0.058564
2.194635   1.160839   0.059083
2.187489   1.160864   0.059601
2.180313   1.160888   0.060118
2.173108   1.160913   0.060635
2.165878   1.160937   0.061152
2.158623   1.160961   0.061668
2.151347   1.160986   0.062183
2.144051   1.161010   0.062698
2.136739   1.161034   0.063212
2.129407   1.161058   0.063726
2.122060   1.161083   0.064238
2.114700   1.161107   0.064751
2.107326   1.161131   0.065263
2.099941   1.161155   0.065774
2.092546   1.161179   0.066285
2.085141   1.161203   0.066795
2.077728   1.161228   0.067304
2.070307   1.161252   0.067813
2.062879   1.161276   0.068321
2.055445   1.161300   0.068829
2.048006   1.161324   0.069336
2.040562   1.161348   0.069843
2.033113   1.161371   0.070349
2.025661   1.161395   0.070855
2.018206   1.161419   0.071359
2.010748   1.161443   0.071864
2.003288   1.161467   0.072368
1.995826   1.161491   0.072871
1.988363   1.161514   0.073374
1.980899   1.161538   0.073876
1.973435   1.161562   0.074377
1.965970   1.161586   0.074878
1.958506   1.161609   0.075379
1.951041   1.161633   0.075878
1.943578   1.161656   0.076378
1.936116   1.161680   0.076876
1.928654   1.161704   0.077375
1.921195   1.161727   0.077872
1.913737   1.161751   0.078369
1.906281   1.161774   0.078866
1.898827   1.161798   0.079362
1.891375   1.161821   0.079857
1.883926   1.161844   0.080352
1.876480   1.161868   0.080846
1.869036   1.161891   0.081340
1.861596   1.161915   0.081833
1.854159   1.161938   0.082326
1.846726   1.161961   0.082818
1.839296   1.161984   0.083310
1.831869   1.162008   0.083801
1.824447   1.162031   0.084291
1.817028   1.162054   0.084781
1.809614   1.162077   0.085271
1.802204   1.162100   0.085760
1.794798   1.162123   0.086248
1.787396   1.162146   0.086736
1.779999   1.162170   0.087223
1.772607   1.162193   0.087710
1.765220   1.162216   0.088196
1.757837   1.162239   0.088681
1.750459   1.162262   0.089166
1.743087   1.162284   0.089651
1.735719   1.162307   0.090135
1.728357   1.162330   0.090619
1.721000   1.162353   0.091102
1.713648   1.162376   0.091584
1.706302   1.162399   0.092066
1.698961   1.162422   0.092547
1.691626   1.162444   0.093028
1.684297   1.162467   0.093508
1.676973   1.162490   0.093988
1.669655   1.162513   0.094468
1.662343   1.162535   0.094946
1.655037   1.162558   0.095425
1.647737   1.162580   0.095902
1.640443   1.162603   0.096379
1.633155   1.162626   0.096856
1.625873   1.162648   0.097332
1.618597   1.162671   0.097808
1.611291   1.162693   0.098283
1.604064   1.162716   0.098758
1.596807   1.162738   0.099232
1.589556   1.162761   0.099705
1.582311   1.162783   0.100178
1.575073   1.162805   0.100651
1.567841   1.162828   0.101123
1.560616   1.162850   0.101594
1.553398   1.162872   0.102065
1.546185   1.162895   0.102536
1.538980   1.162917   0.103006
1.531780   1.162939   0.103475
1.524588   1.162961   0.103944
1.517402   1.162984   0.104413
1.510223   1.163006   0.104880
