0.295537   1.159189   -0.053943
0.310213   1.159316   -0.053626
0.324879   1.159444   -0.053310
0.339535   1.159571   -0.052993
0.354181   1.159698   -0.052677
0.368816   1.159825   -0.052361
0.383440   1.159952   -0.052045
0.398054   1.160079   -0.051730
0.412657   1.160206   -0.051415
0.427248   1.160333   -0.051099
0.441828   1.160459   -0.050784
0.456396   1.160586   -0.050470
0.470951   1.160713   -0.050155
0.485494   1.160839   -0.049841
0.500025   1.160966   -0.049526
0.514542   1.161092   -0.049213
0.529046   1.161219   -0.048899
0.543537   1.161345   -0.048585
0.558014   1.161472   -0.048272
0.572475   1.161598   -0.047959
0.586921   1.161724   -0.047646
0.601354   1.161850   -0.047333
0.615772   1.161977   -0.047020
0.630171   1.162103   -0.046708
0.644555   1.162229   -0.046396
0.658922   1.162355   -0.046084
0.673277   1.162481   -0.045772
0.687610   1.162606   -0.045460
0.701924   1.162732   -0.045149
0.716221   1.162858   -0.044838
0.730501   1.162984   -0.044527
0.744767   1.163109   -0.044216
0.759011   1.163235   -0.043905
0.773232   1.163361   -0.043595
0.787434   1.163486   -0.043285
0.801616   1.163612   -0.042975
0.815779   1.163737   -0.042665
0.829922   1.163862   -0.042355
0.844052   1.163988   -0.042046
0.858156   1.164113   -0.041736
0.872233   1.164238   -0.041427
0.886289   1.164363   -0.041118
0.900322   1.164488   -0.040810
0.914333   1.164613   -0.040501
0.928322   1.164738   -0.040193
0.942289   1.164863   -0.039885
0.956238   1.164988   -0.039577
0.970172   1.165113   -0.039269
0.984070   1.165238   -0.038962
0.997941   1.165363   -0.038655
1.011787   1.165487   -0.038347
1.025608   1.165612   -0.038041
1.039404   1.165737   -0.037734
1.053175   1.165861   -0.037427
1.066920   1.165986   -0.037121
1.080640   1.166110   -0.036815
1.094333   1.166234   -0.036509
1.108001   1.166359   -0.036203
1.121652   1.166483   -0.035897
1.135287   1.166607   -0.035592
1.148876   1.166731   -0.035287
1.162431   1.166855   -0.034982
1.175958   1.166980   -0.034677
1.189454   1.167104   -0.034372
1.202922   1.167228   -0.034068
1.216359   1.167351   -0.033764
1.229765   1.167475   -0.033460
1.243140   1.167599   -0.033156
1.256484   1.167723   -0.032852
1.269795   1.167847   -0.032549
1.283073   1.167970   -0.032245
1.296318   1.168094   -0.031942
1.309529   1.168217   -0.031639
1.322706   1.168341   -0.031337
1.335847   1.168464   -0.031034
1.348952   1.168588   -0.030732
1.362020   1.168711   -0.030430
1.375051   1.168834   -0.030128
1.388044   1.168958   -0.029826
1.400997   1.169081   -0.029524
1.413911   1.169204   -0.029223
1.426786   1.169327   -0.028922
1.439651   1.169450   -0.028621
1.452488   1.169573   -0.028320
1.465234   1.169696   -0.028019
1.477932   1.169819   -0.027719
1.490584   1.169942   -0.027418
1.503188   1.170065   -0.027118
1.515744   1.170187   -0.026818
1.528251   1.170310   -0.026519
1.540706   1.170433   -0.026219
1.553109   1.170555   -0.025920
1.565459   1.170678   -0.025620
1.577756   1.170800   -0.025322
1.589994   1.170923   -0.025023
1.602176   1.171045   -0.024724
1.614298   1.171168   -0.024426
1.626360   1.171290   -0.024127
1.638360   1.171412   -0.023829
1.650296   1.171534   -0.023531
1.662168   1.171656   -0.023234
1.673974   1.171779   -0.022936
1.685711   1.171901   -0.022639
1.697379   1.172023   -0.022342
1.708976   1.172145   -0.022045
1.720501   1.172266   -0.021748
1.731952   1.172388   -0.021451
1.743327   1.172510   -0.021155
1.754624   1.172632   -0.020859
1.765843   1.172754   -0.020563
1.776980   1.172875   -0.020267
1.788035   1.172997   -0.019971
1.799007   1.173118   -0.019676
1.809894   1.173240   -0.019380
1.820696   1.173361   -0.019085
1.831410   1.173483   -0.018790
1.842036   1.173604   -0.018496
1.852572   1.173725   -0.018201
1.863017   1.173847   -0.017907
1.873370   1.173968   -0.017612
1.883612   1.174089   -0.017318
1.893772   1.174210   -0.017024
1.903835   1.174331   -0.016731
1.913800   1.174452   -0.016437
1.923665   1.174573   -0.016144
1.933431   1.174694   -0.015851
1.943096   1.174815   -0.015558
1.952659   1.174936   -0.015265
1.962119   1.175056   -0.014972
1.971474   1.175177   -0.014680
1.980726   1.175298   -0.014388
1.989871   1.175418   -0.014096
1.998911   1.175539   -0.013804
2.007844   1.175659   -0.013512
2.016669   1.175780   -0.013220
2.025387   1.175900   -0.012929
2.033996   1.176021   -0.012638
2.042497   1.176141   -0.012347
2.050888   1.176261   -0.012056
2.059170   1.176381   -0.011765
2.067342   1.176502   -0.011475
2.075405   1.176622   -0.011185
2.083357   1.176742   -0.010895
2.091168   1.176862   -0.010605
2.098897   1.176982   -0.010315
2.106515   1.177102   -0.010025
2.114022   1.177221   -0.009736
2.121419   1.177341   -0.009447
2.128705   1.177461   -0.009158
2.135881   1.177581   -0.008869
2.142946   1.177701   -0.008580
2.149901   1.177820   -0.008292
2.156746   1.177940   -0.008003
2.163481   1.178059   -0.007715
2.170106   1.178179   -0.007427
2.176621   1.178298   -0.007139
2.183027   1.178418   -0.006852
2.189324   1.178537   -0.006564
2.195510   1.178656   -0.006277
2.201589   1.178775   -0.005990
2.207559   1.178895   -0.005703
2.213420   1.179014   -0.005416
2.219173   1.179133   -0.005129
2.224818   1.179252   -0.004843
2.230355   1.179371   -0.004557
2.235785   1.179490   -0.004271
2.241107   1.179609   -0.003985
2.246321   1.179728   -0.003699
2.251429   1.179846   -0.003413
2.256429   1.179965   -0.003128
2.261323   1.180084   -0.002843
2.266111   1.180203   -0.002558
2.270792   1.180321   -0.002273
2.275366   1.180440   -0.001988
2.279835   1.180558   -0.001704
2.284197   1.180677   -0.001419
2.288454   1.180795   -0.001135
2.292605   1.180914   -0.000851
2.296649   1.181032   -0.000567
2.300589   1.181150   -0.000284
2.304422   1.181268   0.000000
2.308150   1.181387   0.000283
2.311773   1.181505   0.000566
2.315290   1.181623   0.000849
2.318701   1.181741   0.001132
2.322008   1.181859   0.001415
2.325208   1.181977   0.001697
2.328304   1.182095   0.001980
2.331294   1.182213   0.002262
2.334178   1.182330   0.002544
2.336958   1.182448   0.002826
2.339631   1.182566   0.003107
2.342200   1.182684   0.003389
2.344663   1.182801   0.003670
2.347021   1.182919   0.003951
2.349273   1.183036   0.004232
2.351421   1.183154   0.004513
2.353462   1.183271   0.004793
2.355400   1.183389   0.005074
2.357232   1.183506   0.005354
2.358959   1.183623   0.005634
2.360582   1.183740   0.005914
2.362099   1.183858   0.006194
2.363513   1.183975   0.006474
2.364822   1.184092   0.006753
2.366027   1.184209   0.007032
2.367128   1.184326   0.007311
2.368126   1.184443   0.007590
2.369021   1.184560   0.007869
2.369813   1.184677   0.008148
2.370504   1.184794   0.008426
2.371092   1.184910   0.008704
2.371579   1.185027   0.008983
2.371966   1.185144   0.009261
2.372252   1.185260   0.009538
2.372440   1.185377   0.009816
2.372528   1.185493   0.010093
2.372519   1.185610   0.010371
2.372413   1.185726   0.010648
2.372211   1.185843   0.010925
2.371914   1.185959   0.011201
2.371523   1.186075   0.011478
2.371038   1.186192   0.011755
2.370462   1.186308   0.012031
2.369794   1.186424   0.012307
2.369038   1.186540   0.012583
2.368193   1.186656   0.012859
2.367261   1.186772   0.013134
2.366244   1.186888   0.013410
2.365142   1.187004   0.013685
2.363957   1.187120   0.013960
2.362691   1.187236   0.014235
2.361345   1.187352   0.014510
2.359920   1.187468   0.014785
2.358419   1.187583   0.015059
2.356842   1.187699   0.015333
2.355191   1.187814   0.015608
2.353468   1.187930   0.015882
2.351675   1.188046   0.016155
2.349813   1.188161   0.016429
2.347885   1.188276   0.016703
2.345891   1.188392   0.016976
2.343833   1.188507   0.017249
2.341714   1.188622   0.017522
2.339535   1.188738   0.017795
2.337297   1.188853   0.018068
2.335001   1.188968   0.018340
2.332651   1.189083   0.018613
2.330247   1.189198   0.018885
2.327791   1.189313   0.019157
2.325284   1.189428   0.019429
2.322729   1.189543   0.019701
2.320126   1.189658   0.019972
2.317477   1.189773   0.020244
2.314784   1.189888   0.020515
2.312048   1.190002   0.020786
2.309271   1.190117   0.021057
2.306453   1.190232   0.021328
2.303596   1.190346   0.021598
2.300703   1.190461   0.021869
2.297773   1.190575   0.022139
2.294808   1.190690   0.022409
2.291828   1.190804   0.022679
2.288796   1.190919   0.022949
2.285733   1.191033   0.023219
2.282639   1.191147   0.023488
2.279517   1.191262   0.023757
2.276367   1.191376   0.024027
2.273190   1.191490   0.024296
2.269988   1.191604   0.024565
2.266761   1.191718   0.024833
2.263510   1.191832   0.025102
2.260236   1.191946   0.025370
2.256940   1.192060   0.025638
2.253623   1.192174   0.025907
2.250285   1.192288   0.026174
2.246928   1.192401   0.026442
2.243553   1.192515   0.026710
2.240159   1.192629   0.026977
2.236748   1.192743   0.027245
2.233320   1.192856   0.027512
2.229876   1.192970   0.027779
2.226417   1.193083   0.028046
2.222943   1.193197   0.028312
2.219455   1.193310   0.028579
2.215953   1.193424   0.028845
2.212438   1.193537   0.029111
2.208911   1.193650   0.029377
2.205372   1.193763   0.029643
2.201822   1.193877   0.029909
2.198260   1.193990   0.030175
2.194688   1.194103   0.030440
2.191106   1.194216   0.030705
2.187514   1.194329   0.030970
2.183913   1.194442   0.031235
2.180303   1.194555   0.031500
2.176685   1.194668   0.031765
2.173058   1.194781   0.032029
2.169424   1.194894   0.032294
2.165782   1.195006   0.032558
2.162133   1.195119   0.032822
2.158477   1.195232   0.033086
2.154815   1.195344   0.033349
2.151146   1.195457   0.033613
2.147472   1.195569   0.033876
2.143791   1.195682   0.034140
2.140106   1.195794   0.034403
2.136415   1.195907   0.034666
2.132719   1.196019   0.034929
2.129018   1.196131   0.035191
2.125313   1.196244   0.035454
2.121603   1.196356   0.035716
2.117890   1.196468   0.035978
2.114179   1.196580   0.036240
2.110457   1.196692   0.036502
2.106732   1.196804   0.036764
2.103003   1.196916   0.037026
2.099271   1.197028   0.037287
2.095536   1.197140   0.037548
2.091798   1.197252   0.037810
2.088057   1.197364   0.038071
2.084314   1.197476   0.038331
2.080568   1.197588   0.038592
2.076820   1.197699   0.038853
2.073070   1.197811   0.039113
2.069318   1.197923   0.039373
2.065564   1.198034   0.039633
2.061807   1.198146   0.039893
2.058050   1.198257   0.040153
2.054290   1.198369   0.040413
2.050529   1.198480   0.040672
2.046766   1.198591   0.040931
2.043003   1.198703   0.041191
2.039237   1.198814   0.041450
2.035471   1.198925   0.041709
2.031704   1.199036   0.041967
2.027935   1.199148   0.042226
2.024166   1.199259   0.042484
2.020395   1.199370   0.042743
2.016624   1.199481   0.043001
2.012853   1.199592   0.043259
2.009080   1.199703   0.043517
2.005307   1.199813   0.043774
2.001533   1.199924   0.044032
1.997759   1.200035   0.044289
1.993985   1.200146   0.044547
1.990210   1.200257   0.044804
1.986435   1.200367   0.045061
1.982659   1.200478   0.045317
1.978884   1.200588   0.045574
1.975108   1.200699   0.045831
1.971332   1.200809   0.046087
1.967556   1.200920   0.046343
1.963780   1.201030   0.046599
1.960004   1.201141   0.046855
1.956228   1.201251   0.047111
1.952453   1.201361   0.047367
1.948677   1.201471   0.047622
1.944902   1.201582   0.047877
1.941127   1.201692   0.048133
1.937352   1.201802   0.048388
1.933577   1.201912   0.048643
1.929803   1.202022   0.048897
1.926029   1.202132   0.049152
1.922256   1.202242   0.049406
1.918483   1.202352   0.049661
1.914710   1.202462   0.049915
1.910938   1.202571   0.050169
1.907167   1.202681   0.050423
1.903396   1.202791   0.050677
1.899625   1.202901   0.050930
1.895856   1.203010   0.051184
1.892087   1.203120   0.051437
1.888318   1.203229   0.051690
1.884551   1.203339   0.051943
1.880784   1.203448   0.052196
1.877017   1.203558   0.052449
1.873252   1.203667   0.052701
1.869487   1.203776   0.052954
1.865723   1.203886   0.053206
1.861960   1.203995   0.053458
1.858198   1.204104   0.053710
1.854436   1.204213   0.053962
1.850676   1.204322   0.054214
1.846916   1.204432   0.054465
1.843158   1.204541   0.054717
1.839400   1.204650   0.054968
1.835643   1.204759   0.055219
1.831887   1.204867   0.055470
1.828133   1.204976   0.055721
1.824379   1.205085   0.055972
1.820626   1.205194   0.056223
1.816875   1.205303   0.056473
1.813124   1.205411   0.056723
1.809374   1.205520   0.056973
1.805626   1.205629   0.057223
1.801879   1.205737   0.057473
1.798132   1.205846   0.057723
1.794387   1.205954   0.057973
1.790643   1.206063   0.058222
1.786901   1.206171   0.058471
1.783159   1.206279   0.058721
1.779419   1.206388   0.058970
1.775679   1.206496   0.059219
1.771941   1.206604   0.059467
1.768205   1.206713   0.059716
1.764469   1.206821   0.059964
1.760735   1.206929   0.060213
1.757002   1.207037   0.060461
1.753270   1.207145   0.060709
1.749540   1.207253   0.060957
1.745810   1.207361   0.061205
1.742083   1.207469   0.061452
1.738356   1.207577   0.061700
1.734631   1.207684   0.061947
1.730907   1.207792   0.062194
1.727184   1.207900   0.062441
1.723463   1.208008   0.062688
1.719743   1.208115   0.062935
1.716025   1.208223   0.063182
1.712308   1.208331   0.063428
1.708592   1.208438   0.063675
1.704878   1.208546   0.063921
1.701165   1.208653   0.064167
1.697454   1.208760   0.064413
1.693744   1.208868   0.064659
1.690035   1.208975   0.064904
1.686328   1.209082   0.065150
1.682622   1.209190   0.065395
1.678918   1.209297   0.065641
1.675215   1.209404   0.065886
1.671514   1.209511   0.066131
1.667814   1.209618   0.066376
1.664116   1.209725   0.066620
1.660419   1.209832   0.066865
1.656724   1.209939   0.067109
1.653030   1.210046   0.067354
1.649338   1.210153   0.067598
1.645647   1.210260   0.067842
1.641958   1.210367   0.068086
1.638270   1.210473   0.068330
1.634584   1.210580   0.068573
1.630899   1.210687   0.068817
1.627216   1.210793   0.069060
1.623534   1.210900   0.069303
1.619854   1.211007   0.069546
1.616176   1.211113   0.069789
1.612499   1.211220   0.070032
1.608823   1.211326   0.070275
1.605150   1.211432   0.070517
1.601477   1.211539   0.070760
1.597807   1.211645   0.071002
1.594138   1.211751   0.071244
1.590470   1.211858   0.071486
1.586805   1.211964   0.071728
1.583140   1.212070   0.071970
1.579478   1.212176   0.072211
1.575817   1.212282   0.072453
1.572157   1.212388   0.072694
1.568500   1.212494   0.072935
1.564843   1.212600   0.073176
1.561189   1.212706   0.073417
1.557536   1.212812   0.073658
1.553885   1.212918   0.073899
1.550235   1.213023   0.074139
1.546587   1.213129   0.074380
1.542941   1.213235   0.074620
1.539296   1.213340   0.074860
1.535653   1.213446   0.075100

