1.414272   1.169204   -0.029223
1.440035   1.169450   -0.028621
1.465545   1.169696   -0.028019
1.490870   1.169942   -0.027418
1.515999   1.170187   -0.026818
1.540923   1.170433   -0.026219
1.565631   1.170678   -0.025620
1.590114   1.170923   -0.025023
1.614356   1.171168   -0.024426
1.638477   1.171412   -0.023829
1.662269   1.171656   -0.023234
1.685823   1.171901   -0.022639
1.709133   1.172145   -0.022045
1.732053   1.172388   -0.021451
1.754853   1.172632   -0.020859
1.777353   1.172875   -0.020267
1.799540   1.173118   -0.019676
1.821402   1.173361   -0.019085
1.842930   1.173604   -0.018496
1.864111   1.173847   -0.017907
1.884933   1.174089   -0.017318
1.905225   1.174331   -0.016731
1.924967   1.174573   -0.016144
1.944293   1.174815   -0.015558
1.963196   1.175056   -0.014972
1.981669   1.175298   -0.014388
1.999708   1.175539   -0.013804
2.017307   1.175780   -0.013220
2.034463   1.176021   -0.012638
2.051493   1.176261   -0.012056
2.067864   1.176502   -0.011475
2.083833   1.176742   -0.010895
2.099399   1.176982   -0.010315
2.114584   1.177221   -0.009736
2.129368   1.177461   -0.009158
2.143740   1.177701   -0.008580
2.157690   1.177940   -0.008003
2.170931   1.178179   -0.007427
2.184045   1.178418   -0.006852
2.196717   1.178656   -0.006277
2.208947   1.178895   -0.005703
2.220736   1.179133   -0.005129
2.232084   1.179371   -0.004557
2.242990   1.179609   -0.003985
2.253456   1.179846   -0.003413
2.263481   1.180084   -0.002843
2.273066   1.180321   -0.002273
2.282211   1.180558   -0.001704
2.290915   1.180795   -0.001135
2.299179   1.181032   -0.000567
2.307002   1.181268   0.000000
2.314385   1.181505   0.000566
2.321327   1.181741   0.001132
2.327828   1.181977   0.001697
2.333888   1.182213   0.002262
2.339506   1.182448   0.002826
2.344684   1.182684   0.003389
2.349421   1.182919   0.003951
2.353719   1.183154   0.004513
2.357578   1.183389   0.005074
2.361000   1.183623   0.005634
2.363986   1.183858   0.006194
2.366541   1.184092   0.006753
2.368666   1.184326   0.007311
2.370366   1.184560   0.007869
2.371646   1.184794   0.008426
2.372813   1.185027   0.008983
2.372969   1.185260   0.009538
2.373422   1.185493   0.010093
2.373162   1.185726   0.010648
2.372551   1.185959   0.011201
2.371611   1.186192   0.011755
2.370360   1.186424   0.012307
2.368806   1.186656   0.012859
2.366947   1.186888   0.013410
2.364779   1.187120   0.013960
2.362061   1.187352   0.014510
2.359316   1.187583   0.015059
2.356258   1.187814   0.015608
2.352899   1.188046   0.016155
2.349253   1.188276   0.016703
2.345334   1.188507   0.017249
2.341154   1.188738   0.017795
2.336727   1.188968   0.018340
2.332068   1.189198   0.018885
2.326931   1.189428   0.019429
2.321578   1.189658   0.019972
2.316055   1.189888   0.020515
2.310372   1.190117   0.021057
2.304541   1.190346   0.021598
2.298572   1.190575   0.022139
2.292477   1.190804   0.022679
2.286260   1.191033   0.023219
2.279932   1.191262   0.023757
2.273502   1.191490   0.024296
2.267141   1.191718   0.024833
2.260554   1.191946   0.025370
2.253893   1.192174   0.025907
2.247167   1.192401   0.026442
2.240383   1.192629   0.026977
2.233543   1.192856   0.027512
2.226652   1.193083   0.028046
2.219709   1.193310   0.028579
2.212718   1.193537   0.029111
2.205568   1.193763   0.029643
2.198501   1.193990   0.030175
2.191387   1.194216   0.030705
2.184232   1.194442   0.031235
2.177037   1.194668   0.031765
2.169807   1.194894   0.032294
2.162545   1.195119   0.032822
2.155252   1.195344   0.033349
2.147932   1.195569   0.033876
2.140587   1.195794   0.034403
2.133219   1.196019   0.034929
2.125830   1.196244   0.035454
2.118422   1.196468   0.035978
2.110998   1.196692   0.036502
2.103557   1.196916   0.037026
2.096102   1.197140   0.037548
2.088634   1.197364   0.038071
2.081120   1.197588   0.038592
2.073584   1.197811   0.039113
2.066041   1.198034   0.039633
2.058492   1.198257   0.040153
2.050938   1.198480   0.040672
2.043381   1.198703   0.041191
2.035819   1.198925   0.041709
2.028255   1.199148   0.042226
2.020688   1.199370   0.042743
2.013119   1.199592   0.043259
2.005549   1.199813   0.043774
1.997979   1.200035   0.044289
1.990407   1.200257   0.044804
1.982835   1.200478   0.045317
1.975264   1.200699   0.045831
1.967693   1.200920   0.046343
1.960123   1.201141   0.046855
1.952555   1.201361   0.047367
1.944988   1.201582   0.047877
1.937422   1.201802   0.048388
1.929859   1.202022   0.048897
1.922297   1.202242   0.049406
1.914739   1.202462   0.049915
1.907239   1.202681   0.050423
1.899692   1.202901   0.050930
1.892148   1.203120   0.051437
1.884609   1.203339   0.051943
1.877074   1.203558   0.052449
1.869543   1.203776   0.052954
1.862017   1.203995   0.053458
1.854496   1.204213   0.053962
1.846934   1.204432   0.054465
1.839426   1.204650   0.054968
1.831922   1.204867   0.055470
1.824421   1.205085   0.055972
1.816925   1.205303   0.056473
1.809432   1.205520   0.056973
1.801943   1.205737   0.057473
1.794458   1.205954   0.057973
1.786977   1.206171   0.058471
1.779501   1.206388   0.058970
1.772029   1.206604   0.059467
1.764562   1.206821   0.059964
1.757100   1.207037   0.060461
1.749642   1.207253   0.060957
1.742190   1.207469   0.061452
1.734742   1.207684   0.061947
1.727300   1.207900   0.062441
1.719863   1.208115   0.062935
1.712431   1.208331   0.063428
1.705004   1.208546   0.063921
1.697583   1.208760   0.064413
1.690168   1.208975   0.064904
1.682758   1.209190   0.065395
1.675354   1.209404   0.065886
1.667955   1.209618   0.066376
1.660563   1.209832   0.066865
1.653176   1.210046   0.067354
1.645795   1.210260   0.067842
1.638411   1.210473   0.068330
1.631032   1.210687   0.068817
1.623661   1.210900   0.069303
1.616295   1.211113   0.069789
1.608936   1.211326   0.070275
1.601584   1.211539   0.070760
1.594238   1.211751   0.071244
1.586899   1.211964   0.071728
1.579566   1.212176   0.072211
1.572240   1.212388   0.072694
1.564921   1.212600   0.073176
1.557608   1.212812   0.073658
1.550302   1.213023   0.074139
1.543002   1.213235   0.074620
1.535709   1.213446   0.075100
1.528423   1.213657   0.075580
1.521144   1.213868   0.076059
1.513872   1.214079   0.076537
1.506606   1.214290   0.077015
1.499347   1.214500   0.077493
1.492094   1.214710   0.077970
